name: Ai
created: 2022-08-17T07:59:50.912821-07:00
updated: 2022-08-17T07:59:50.912821-07:00
