name: Bethel
created: 2021-03-11T08:43:24.974954-07:00
updated: 2021-03-11T08:43:24.974954-07:00
