name: Canaan
created: 2021-03-12T09:10:06.116782-07:00
updated: 2021-03-12T09:10:06.116782-07:00
