name: Eden
created: 2021-01-08T08:57:54.093136333-07:00
updated: 2021-01-08T08:57:54.093136333-07:00
