name: Edom
created: 2021-05-10T08:16:15.865655-07:00
updated: 2021-05-10T08:16:15.865655-07:00
