name: Egypt
created: 2021-03-11T08:44:57.183441-07:00
updated: 2021-03-11T08:44:57.183441-07:00
