name: Gerar
created: 2021-03-22T08:03:14.579346-07:00
updated: 2021-03-22T08:03:14.579346-07:00
