name: Gibeah
created: 2022-09-29T07:58:31.472835-07:00
updated: 2022-09-29T07:58:31.472835-07:00
