name: Gomorrah
created: 2021-03-15T07:45:21.25618-07:00
updated: 2021-03-15T07:45:21.25618-07:00
