name: Hazeroth
created: 2021-10-11T08:11:19.292117-07:00
updated: 2021-10-11T08:11:19.292117-07:00
