name: Jericho
created: 2022-08-03T08:28:13.011922-07:00
updated: 2022-08-03T08:28:13.011922-07:00
