name: Negeb
created: 2021-03-12T08:58:05.399196-07:00
updated: 2021-03-12T08:58:05.399196-07:00
