name: Paran
created: 2021-03-23T08:33:22.931608-07:00
updated: 2021-03-23T08:33:22.931608-07:00
