name: Pau
created: 2021-05-12T08:16:09.143036-07:00
updated: 2021-05-12T08:16:09.143036-07:00
