name: Seir
created: 2021-05-03T08:04:17.475978-07:00
updated: 2021-05-03T08:04:17.475978-07:00
