name: Uz
created: 2021-01-22T09:28:19.914428987-07:00
updated: 2021-01-22T09:28:19.914428987-07:00
