name: Zin
created: 2021-10-25T07:32:36.195702-07:00
updated: 2021-10-25T07:32:36.195702-07:00
