name: Akan
created: 2021-05-10T08:47:13.25481-07:00
updated: 2021-05-10T08:47:13.25481-07:00
