name: Bilhan
created: 2021-05-10T08:47:13.254569-07:00
updated: 2021-05-10T08:47:13.254569-07:00
