name: Male
created: 2021-04-06T08:20:34.350696-07:00
updated: 2021-04-06T08:20:34.350696-07:00
