name: Zaavan
created: 2021-05-10T08:47:13.254693-07:00
updated: 2021-05-10T08:47:13.254693-07:00
