name: Jordan Valley
created: 2021-03-12T09:02:20.69221-07:00
updated: 2021-03-12T09:02:20.69221-07:00
